%YAML:1.0
Version: 2
NumTypes: 1
MarkerStructures:
   - { RingNum:4, Cr:[ 0.50, 0.65, 0.75, 0.85 ],
                  CrThr:[ 0.000, 0.575, 0.700, 0.800, 1.000 ],
                  Dr:[ 0.1667, 0.4000, 0.7078, 1.000 ],
                  DrThr:[ 0.000, 0.2834, 0.5539, 0.8539, 1.000 ] }