%YAML:1.0
Version: 1
NumTypes: 1
MarkerStructures:
   - { RingNum:4, Cr:[ 0.50, 0.65, 0.75, 0.85 ],
                  CrThr:[ 0.000, 0.575, 0.700, 0.800, 1.000 ] }
